1.300000000000000114e-02 2.545595433379150164e-03 2.604436107109972705e-03 2.657584863080852174e-03
2.600000000000000228e-02 9.146572384611919085e-03 9.597436006456530611e-03 9.935391905604541024e-03
3.899999999999999994e-02 1.846664890473856749e-02 1.989170087163751738e-02 2.089829295361867248e-02
5.200000000000000455e-02 2.942038423491634760e-02 3.256732675335268640e-02 3.473733146751813161e-02
6.500000000000000222e-02 4.113642815158096572e-02 4.684925445810310396e-02 5.075388720379484658e-02
7.799999999999999989e-02 5.292630442851851968e-02 6.208807542722281220e-02 6.834621043438114663e-02
9.100000000000001144e-02 6.425789818817845278e-02 7.774376220549501781e-02 8.699791355066104070e-02
1.040000000000000091e-01 7.473227667903681315e-02 9.337120918757588206e-02 1.062677662574108423e-01
1.169999999999999929e-01 8.406377739273387939e-02 1.086078419158603009e-01 1.257808937869870636e-01
1.300000000000000044e-01 9.206217473956802844e-02 1.231627841648534477e-01 1.452208938517593750e-01
1.430000000000000160e-01 9.861657785445844537e-02 1.368071448020188319e-01 1.643227683558423080e-01
1.559999999999999998e-01 1.036813126729814877e-01 1.493656004472489751e-01 1.828665178113247081e-01
1.690000000000000113e-01 1.072631549507676862e-01 1.607086642310039670e-01 2.006714069514770049e-01
1.820000000000000229e-01 1.094118357829837185e-01 1.707464182315749923e-01 2.175911419964080551e-01
1.950000000000000067e-01 1.102092269956785470e-01 1.794223848099775198e-01 2.335093113960911571e-01
2.080000000000000182e-01 1.097625223562008895e-01 1.867091000898825071e-01 2.483358464597793247e-01
2.210000000000000298e-01 1.081957618964312223e-01 1.926030923314260845e-01 2.620032632004336559e-01
2.339999999999999858e-01 1.056457594763449137e-01 1.971215503600257934e-01 2.744640265305970939e-01
2.470000000000000251e-01 1.022560374141507356e-01 2.002986925966601384e-01 2.856879776448764119e-01
2.600000000000000089e-01 9.817219925790265922e-02 2.021826643858097572e-01 2.956600196250444013e-01
2.730000000000000204e-01 9.353794097740122937e-02 2.028330163103128081e-01 3.043781335791915232e-01
2.860000000000000320e-01 8.848984192220045453e-02 2.023180120735174892e-01 3.118514043817313675e-01
2.990000000000000435e-01 8.315650390279165360e-02 2.007128285013658753e-01 3.180984551093309354e-01
3.119999999999999996e-01 7.765230047099000443e-02 1.980973685171735776e-01 3.231457366778451856e-01
3.250000000000000111e-01 7.208007778433105084e-02 1.945555020956742376e-01 3.270265758856568672e-01
3.380000000000000226e-01 6.652638688732176453e-02 1.901732840005546654e-01 3.297797957904437527e-01
3.510000000000000342e-01 6.106680789798133585e-02 1.850389187539339952e-01 3.314491071010177148e-01
3.640000000000000457e-01 5.576254316297418745e-02 1.792414701572021818e-01 3.320820491866577351e-01
3.770000000000000018e-01 5.066424620363546572e-02 1.728704927832359350e-01 3.317293159085581977e-01
3.900000000000000133e-01 4.581266022232755031e-02 1.660152615196603398e-01 3.304441408441726735e-01
4.030000000000000249e-01 4.123962834348270795e-02 1.587640193426037016e-01 3.282816343335444587e-01
4.160000000000000364e-01 3.697215183747894207e-02 1.512036893944813110e-01 3.252982614311363818e-01
4.290000000000000480e-01 3.302876836684782297e-02 1.434188739551693070e-01 3.215512735048285387e-01
4.420000000000000595e-01 2.942395275070308971e-02 1.354916114319396070e-01 3.170983148879302216e-01
4.549999999999999600e-01 2.616379943029708763e-02 1.275001779760430998e-01 3.119968821062312214e-01
4.679999999999999716e-01 2.325001918228037159e-02 1.195189995652472525e-01 3.063040605148310003e-01
4.809999999999999831e-01 2.067645895705464559e-02 1.116176626884160666e-01 3.000761724506605388e-01
4.940000000000000502e-01 1.843142410311401219e-02 1.038606816486320333e-01 2.933686104655787719e-01
5.070000000000000062e-01 1.649583313777303398e-02 9.630650003635904399e-02 2.862354828722233346e-01
5.200000000000000178e-01 1.484456889290858977e-02 8.900702355520312414e-02 2.787293332929975942e-01
5.330000000000000293e-01 1.344922363973301976e-02 8.200757299842865999e-02 2.709010178093224086e-01
5.460000000000000409e-01 1.227745539763718495e-02 7.534570491639579204e-02 2.627995076164992838e-01
5.590000000000000524e-01 1.129842766863260045e-02 6.905205012370914386e-02 2.544719031965770317e-01
5.720000000000000639e-01 1.048033176181644224e-02 6.314765043534990852e-02 2.459631431674521307e-01
5.850000000000000755e-01 9.795254841395643897e-03 5.764644810095653077e-02 2.373161447522358081e-01
5.980000000000000870e-01 9.217074194872569917e-03 5.255345633148301998e-02 2.285715906582462265e-01
6.109999999999999876e-01 8.724119618763313821e-03 4.786743075577822720e-02 2.197681439724964714e-01
6.239999999999999991e-01 8.297741676179243644e-03 4.357939354346028471e-02 2.109423142602450396e-01
6.370000000000000107e-01 7.922727648298622319e-03 3.967448766263843157e-02 2.021285836472810071e-01
6.500000000000000222e-01 7.586941904621082727e-03 3.613369844804923542e-02 1.933593946923570783e-01
6.630000000000000338e-01 7.280610644527155464e-03 3.293454990994649362e-02 1.846650449475852607e-01
6.760000000000000453e-01 6.996586646310254398e-03 3.005403899985082880e-02 1.760738305166355266e-01
6.890000000000000568e-01 6.729331581242862723e-03 2.746608224946428534e-02 1.676117300247539077e-01
7.020000000000000684e-01 6.475085352384187150e-03 2.514572744932763032e-02 1.593026873891206230e-01
7.150000000000000799e-01 6.231196205254111060e-03 2.306721262410951767e-02 1.511682231312442559e-01
7.280000000000000915e-01 5.995964977386217427e-03 2.120719091937332823e-02 1.432277809176036032e-01
7.409999999999999920e-01 5.768137989489784817e-03 1.954268520622491970e-02 1.354984479142098686e-01
7.540000000000000036e-01 5.546810067060771975e-03 1.805226987687337872e-02 1.279953101080909261e-01
7.670000000000000151e-01 5.331325770379143764e-03 1.671600572914292912e-02 1.207313869804172851e-01
7.800000000000000266e-01 5.121251458342281938e-03 1.551552829028686985e-02 1.137175160534606710e-01
7.930000000000000382e-01 4.916319440622420218e-03 1.443479359083605501e-02 1.069626653409959799e-01
8.060000000000000497e-01 4.716323155053727366e-03 1.345871321792693406e-02 1.004735158444606674e-01
8.190000000000000613e-01 4.521143011823661878e-03 1.257435445522204001e-02 9.425497213726047319e-02
8.320000000000000728e-01 4.330691294992103021e-03 1.176957274950250071e-02 8.830922754807035702e-02
8.450000000000000844e-01 4.144928319214939184e-03 1.103403896707757376e-02 8.263649233521822013e-02
8.580000000000000959e-01 3.963805784779872964e-03 1.035823468058899577e-02 7.723434416691857263e-02
8.710000000000001075e-01 3.787294079019186670e-03 9.734003042483676052e-03 7.209872301262167105e-02
8.840000000000001190e-01 3.615364174050859480e-03 9.154177233025124691e-03 6.722380229138096019e-02
8.969999999999999085e-01 3.447983758831005795e-03 8.612555418278940167e-03 6.260225763279171629e-02
9.099999999999999201e-01 3.285141493477536714e-03 8.104019022889253493e-03 5.822595277351357013e-02
9.229999999999999316e-01 3.126837915547946416e-03 7.624291861135639413e-03 5.408587144752413645e-02
9.359999999999999432e-01 2.973090679096121632e-03 7.170151137011519793e-03 5.017340318341079186e-02
9.489999999999999547e-01 2.823912334761143755e-03 6.739023589535137089e-03 4.647955266800155721e-02
9.619999999999999662e-01 2.679320997403592669e-03 6.329091463219954812e-03 4.299609236765176284e-02
9.750000000000000888e-01 2.539325265565531634e-03 5.938948257809014038e-03 3.971456953024662256e-02
9.880000000000001004e-01 2.403942289469436760e-03 5.567618159934330409e-03 3.662725066833303483e-02
1.001000000000000112e+00 2.273184566812019771e-03 5.214339522078417083e-03 3.372659579482234493e-02
1.014000000000000012e+00 2.147059140602200229e-03 4.878480085794177461e-03 3.100545051846329350e-02
1.027000000000000135e+00 2.025568084546656294e-03 4.559489152531273105e-03 2.845688527477048535e-02
1.040000000000000036e+00 1.908702825945295415e-03 4.256820854991542544e-03 2.607385193987172417e-02
1.053000000000000158e+00 1.796447356454267423e-03 3.969961588516464010e-03 2.384960672015350863e-02
1.066000000000000059e+00 1.688771781300173799e-03 3.698376907138548053e-03 2.177723938449010327e-02
1.078999999999999959e+00 1.585633591776021119e-03 3.441549304922505558e-03 1.985019892809250855e-02
1.092000000000000082e+00 1.486969395706997429e-03 3.198926198214484262e-03 1.806170384913190555e-02
1.104999999999999982e+00 1.392704506249535599e-03 2.969962320917648828e-03 1.640515555098866207e-02
1.118000000000000105e+00 1.302747415614381602e-03 2.754082627796253496e-03 1.487373201556278779e-02
1.131000000000000005e+00 1.217003290846515413e-03 2.550734181758814410e-03 1.346074475129439840e-02
1.144000000000000128e+00 1.135373756179711363e-03 2.359371601350394691e-03 1.215949022084837801e-02
1.157000000000000028e+00 1.057755375333669376e-03 2.179447807788722352e-03 1.096323709188539407e-02
1.170000000000000151e+00 9.840447206678855016e-04 2.010432386436108738e-03 9.865491127591188153e-03
1.183000000000000052e+00 9.141251578112872655e-04 1.851787046358160504e-03 8.859689007601026164e-03
1.196000000000000174e+00 8.478793342166869368e-04 1.703017137504905061e-03 7.939766130134849956e-03
1.209000000000000075e+00 7.851894509598930649e-04 1.563648373165440770e-03 7.099842236290745956e-03
1.221999999999999975e+00 7.259414649125613779e-04 1.433252601022838362e-03 6.334630301853904667e-03
1.234999999999999876e+00 6.700095835425350956e-04 1.311399274888778175e-03 5.639026278171936114e-03
1.247999999999999998e+00 6.172683295376594484e-04 1.197683675986790149e-03 5.008317973575558690e-03
1.260999999999999899e+00 5.675946142731252454e-04 1.091717617498317748e-03 4.437956415883701454e-03
1.274000000000000021e+00 5.208740363010181274e-04 9.931301067939244526e-04 3.923540512433257819e-03
1.286999999999999922e+00 4.769974837019459561e-04 9.015645045415869932e-04 3.460827674200074328e-03
1.300000000000000044e+00 4.358548230529797791e-04 8.166628234682672162e-04 3.045544453047196835e-03
