1.300000000000000114e-02 4.820768799329938978e-05 4.872961618925457605e-05 4.937758154024046085e-05
2.600000000000000228e-02 9.130154890414053659e-05 9.350006857195666181e-05 9.544189188137380472e-05
3.899999999999999994e-02 1.295838961906540859e-04 1.345293050676333040e-04 1.383690534963576287e-04
5.200000000000000455e-02 1.633225005872163517e-04 1.720137926678557728e-04 1.783164985113984532e-04
6.500000000000000222e-02 1.927693790858506250e-04 2.061393321478742675e-04 2.154321242698957180e-04
7.799999999999999989e-02 2.181687759862420894e-04 2.370834791899975981e-04 2.498573231553355835e-04
9.100000000000001144e-02 2.397459822070561694e-04 2.650113269906370422e-04 2.817229815567611471e-04
1.040000000000000091e-01 2.577288769614795457e-04 2.900873528133829089e-04 3.111577626494718978e-04
1.169999999999999929e-01 2.723161970213014947e-04 3.124562708675601166e-04 3.382768525196409664e-04
1.300000000000000044e-01 2.837318338539906418e-04 3.322695459623361039e-04 3.631978159819775694e-04
1.430000000000000160e-01 2.921631085233015253e-04 3.496566933700396076e-04 3.860258103523699687e-04
1.559999999999999998e-01 2.978344311852616170e-04 3.647571920487230118e-04 4.068710054655302107e-04
1.690000000000000113e-01 3.009270859564064219e-04 3.776914359651881983e-04 4.258315630573947046e-04
1.820000000000000229e-01 3.016447935433025211e-04 3.885834057799840121e-04 4.430065825430526080e-04
1.950000000000000067e-01 3.001825940141562431e-04 3.975462025385378940e-04 4.584874512643460302e-04
2.080000000000000182e-01 2.967184736616356442e-04 4.046843147770276755e-04 4.723595688363250436e-04
2.210000000000000298e-01 2.914686105070555763e-04 4.101086495604709605e-04 4.847113974571050712e-04
2.339999999999999858e-01 2.845573630179534319e-04 4.139036688123706362e-04 4.956117186818527129e-04
2.470000000000000251e-01 2.762410202676800989e-04 4.161787957884770109e-04 5.051419319913932069e-04
2.600000000000000089e-01 2.666168035136633305e-04 4.170076036841985508e-04 5.133606257853046834e-04
2.730000000000000204e-01 2.559588729957608909e-04 4.164916277772094558e-04 5.203397048273552053e-04
2.860000000000000320e-01 2.443893473441808911e-04 4.147038674799633407e-04 5.261357223618957262e-04
2.990000000000000435e-01 2.321620203931304394e-04 4.117350534921671718e-04 5.308127659601822972e-04
3.119999999999999996e-01 2.194550788526130160e-04 4.076582372154491395e-04 5.344258772766969723e-04
3.250000000000000111e-01 2.064447196351370617e-04 4.025435945181922155e-04 5.370281261071659920e-04
3.380000000000000226e-01 1.933539787814208524e-04 3.964628078725874983e-04 5.386719857669723969e-04
3.510000000000000342e-01 1.802180649194054377e-04 3.894586757324758038e-04 5.393982492550920046e-04
3.640000000000000457e-01 1.673245187932115416e-04 3.816023867873460582e-04 5.392578547643357180e-04
3.770000000000000018e-01 1.545839209642287278e-04 3.729217108153441555e-04 5.382846304175745731e-04
3.900000000000000133e-01 1.422571913208192304e-04 3.634826984777658472e-04 5.365224605267952980e-04
4.030000000000000249e-01 1.302259132788733786e-04 3.533143325786723644e-04 5.340040971754280016e-04
4.160000000000000364e-01 1.186343404873042883e-04 3.424717521267143789e-04 5.307679585256272741e-04
4.290000000000000480e-01 1.074624485502730374e-04 3.309955462483620795e-04 5.268470008174772632e-04
4.420000000000000595e-01 9.676191481800046367e-05 3.189376134129057964e-04 5.222758095239664116e-04
4.549999999999999600e-01 8.660794977436228614e-05 3.063565293061846898e-04 5.170887705506232741e-04
4.679999999999999716e-01 7.697326367872373563e-05 2.932993931584779537e-04 5.113165332637055948e-04
4.809999999999999831e-01 6.802860267284999997e-05 2.798479424462818827e-04 5.049926566716356939e-04
4.940000000000000502e-01 5.968097325350422798e-05 2.660419429351126505e-04 4.981433912499881817e-04
5.070000000000000062e-01 5.219067293319022992e-05 2.520053574809464529e-04 4.908052926226489591e-04
5.200000000000000178e-01 4.540573358437562812e-05 2.377703476254392531e-04 4.830042903726044731e-04
5.330000000000000293e-01 3.949235221898173741e-05 2.234725422486555412e-04 4.747750851745347229e-04
5.460000000000000409e-01 3.433939602075883373e-05 2.091683574001391337e-04 4.661433565042071491e-04
5.590000000000000524e-01 2.995640032388501944e-05 1.949894021502627563e-04 4.571398445285739876e-04
5.720000000000000639e-01 2.628636711090101343e-05 1.810529649172214423e-04 4.477934439807678812e-04
5.850000000000000755e-01 2.322134836798163805e-05 1.674367261829122521e-04 4.381286909584241338e-04
5.980000000000000870e-01 2.074155202666364863e-05 1.543083567343711017e-04 4.281771070838073876e-04
6.109999999999999876e-01 1.868566749356374639e-05 1.416561466584552237e-04 4.179538178846157071e-04
6.239999999999999991e-01 1.706367727316024575e-05 1.297330317099883537e-04 4.074944892323613269e-04
6.370000000000000107e-01 1.572678946614659138e-05 1.184342311624306802e-04 3.968067581389822930e-04
6.500000000000000222e-01 1.466770287678861905e-05 1.079530198138827949e-04 3.859256382444745397e-04
6.630000000000000338e-01 1.379749022007258069e-05 9.817542027065467717e-05 3.748620752210734598e-04
6.760000000000000453e-01 1.308625443721895226e-05 8.919014931603500517e-05 3.636471634350585467e-04
6.890000000000000568e-01 1.249065104423756943e-05 8.096334207423180526e-05 3.523012890576694158e-04
7.020000000000000684e-01 1.197732662081858119e-05 7.346060557116345041e-05 3.408493868771221374e-04
7.150000000000000799e-01 1.152660891359763377e-05 6.669128626744800831e-05 3.293243673574980791e-04
7.280000000000000915e-01 1.111697068565522900e-05 6.052914025587388685e-05 3.177401760081167222e-04
7.409999999999999920e-01 1.074569975774567122e-05 5.504799891280225702e-05 3.061446752022267594e-04
7.540000000000000036e-01 1.039946044646710734e-05 5.008789216497417794e-05 2.945348854246576339e-04
7.670000000000000151e-01 1.007727065536575478e-05 4.571322885744761504e-05 2.829686681525139802e-04
7.800000000000000266e-01 9.770024535530590979e-06 4.177992614741813662e-05 2.714439317316927856e-04
7.930000000000000382e-01 9.477138136486389745e-06 3.830224682449873326e-05 2.600117593506783530e-04
8.060000000000000497e-01 9.195244746061890124e-06 3.520741050814658987e-05 2.486862286363854019e-04
8.190000000000000613e-01 8.922867788686126528e-06 3.246537337384780537e-05 2.375085333940095064e-04
8.320000000000000728e-01 8.658769351863262415e-06 3.004996668948821967e-05 2.265266470035599464e-04
8.450000000000000844e-01 8.401439322540512752e-06 2.790374268941630772e-05 2.157609621456593491e-04
8.580000000000000959e-01 8.151614735085666158e-06 2.603112927563865108e-05 2.052906111384684800e-04
8.710000000000001075e-01 7.907156292263565870e-06 2.436060830990262682e-05 1.950873423879391109e-04
8.840000000000001190e-01 7.669512217265519167e-06 2.290940254456357369e-05 1.852562820174792103e-04
8.969999999999999085e-01 7.436684617430351060e-06 2.161176302343252692e-05 1.757421598861196965e-04
9.099999999999999201e-01 7.208846805288669436e-06 2.046642697688196867e-05 1.666164216792953145e-04
9.229999999999999316e-01 6.984685471840586749e-06 1.943226446367926771e-05 1.578341684158535629e-04
9.359999999999999432e-01 6.764089685552612683e-06 1.849216929193709907e-05 1.494084718453412175e-04
9.489999999999999547e-01 6.546730040047962452e-06 1.762489735780442302e-05 1.413221874665755880e-04
9.619999999999999662e-01 6.332295234656846727e-06 1.681122820821315576e-05 1.335472061852347662e-04
9.750000000000000888e-01 6.120874737800601427e-06 1.604308748216277505e-05 1.261010213796580717e-04
9.880000000000001004e-01 5.911637258293360247e-06 1.530496093174901583e-05 1.189203842760551020e-04
1.001000000000000112e+00 5.705130121971690061e-06 1.459753252737803032e-05 1.120463105897357109e-04
1.014000000000000012e+00 5.500705082746832471e-06 1.391175723175995448e-05 1.054094591350416112e-04
1.027000000000000135e+00 5.298839411009097889e-06 1.325025717508327709e-05 9.905157307753609318e-05
1.040000000000000036e+00 5.099268913926020280e-06 1.260898266503403379e-05 9.293108233104085145e-05
1.053000000000000158e+00 4.902386189720745039e-06 1.198937782307798596e-05 8.706551327069945545e-05
1.066000000000000059e+00 4.708261155937113315e-06 1.139016901850301292e-05 8.143862603587751804e-05
1.078999999999999959e+00 4.517307841574601634e-06 1.081133343557322827e-05 7.604524268038298572e-05
1.092000000000000082e+00 4.330090438162124321e-06 1.025413281681244460e-05 7.089666272685106539e-05
1.104999999999999982e+00 4.146570778806351559e-06 9.716792284754055244e-06 6.597049427838190289e-05
1.118000000000000105e+00 3.967586168902404063e-06 9.202283827031573852e-06 6.130088702578801189e-05
1.131000000000000005e+00 3.792378792323204096e-06 8.706263484103953038e-06 5.684532428653042431e-05
1.144000000000000128e+00 3.621775350776234482e-06 8.232317969938646553e-06 5.264794444024434593e-05
1.157000000000000028e+00 3.455081971423899857e-06 7.776777829391409437e-06 4.866681506826887757e-05
1.170000000000000151e+00 3.292934931431363843e-06 7.341927994241733537e-06 4.492776946243167671e-05
1.183000000000000052e+00 3.135325078445401255e-06 6.925692800993039151e-06 4.140841257890460103e-05
1.196000000000000174e+00 2.982280093491600043e-06 6.527387754923135269e-06 3.810279018779098875e-05
1.209000000000000075e+00 2.833704181915972425e-06 6.145927940938874210e-06 3.500150474572028290e-05
1.221999999999999975e+00 2.689489665825095568e-06 5.779635908202144337e-06 3.207914934915912045e-05
1.234999999999999876e+00 2.550384553674449504e-06 5.429813200886847422e-06 2.934622277302329155e-05
1.247999999999999998e+00 2.415619263879191295e-06 5.093498429453611277e-06 2.676737045196036363e-05
1.260999999999999899e+00 2.285801637847241849e-06 4.772624919937846023e-06 2.437055539777649793e-05
1.274000000000000021e+00 2.159784411068934871e-06 4.464185135635583389e-06 2.212017795092796127e-05
1.286999999999999922e+00 2.038128195642988551e-06 4.169819465012389621e-06 2.003968249772972746e-05
1.300000000000000044e+00 1.920353310969262875e-06 3.888191296617288046e-06 1.811087450802830357e-05
